% number of repeats:% 3
% enter nfirst, nlast, ninc:% 100 1000 100 
data_ref( 1, 1:2 ) = [ 100 2.516550e-04 ];
data_blk_var1( 1, 1:3 ) = [ 100 2.966614e-03 1.065814e-14];
data_blk_var2( 1, 1:3 ) = [ 100 8.453420e-04 7.105427e-15];
data_blk_var3( 1, 1:3 ) = [ 100 1.284400e-03 1.243450e-14];
data_blk_var4( 1, 1:3 ) = [ 100 1.018593e-03 7.105427e-15];
data_blk_var5( 1, 1:3 ) = [ 100 8.169570e-04 7.105427e-15];
data_blk_var6( 1, 1:3 ) = [ 100 8.174730e-04 7.105427e-15];
data_ref( 2, 1:2 ) = [ 200 6.192200e-04 ];
data_blk_var1( 2, 1:3 ) = [ 200 5.050994e-03 1.776357e-14];
data_blk_var2( 2, 1:3 ) = [ 200 3.749571e-03 1.598721e-14];
data_blk_var3( 2, 1:3 ) = [ 200 5.332835e-03 1.776357e-14];
data_blk_var4( 2, 1:3 ) = [ 200 4.293172e-03 1.598721e-14];
data_blk_var5( 2, 1:3 ) = [ 200 5.337793e-03 1.243450e-14];
data_blk_var6( 2, 1:3 ) = [ 200 5.335602e-03 1.243450e-14];
data_ref( 3, 1:2 ) = [ 300 2.101445e-03 ];
data_blk_var1( 3, 1:3 ) = [ 300 1.248497e-02 3.552714e-14];
data_blk_var2( 3, 1:3 ) = [ 300 9.668584e-03 3.197442e-14];
data_blk_var3( 3, 1:3 ) = [ 300 1.309614e-02 2.842171e-14];
data_blk_var4( 3, 1:3 ) = [ 300 1.056814e-02 2.309264e-14];
data_blk_var5( 3, 1:3 ) = [ 300 1.611272e-02 2.842171e-14];
data_blk_var6( 3, 1:3 ) = [ 300 1.611451e-02 2.842171e-14];
data_ref( 4, 1:2 ) = [ 400 4.708478e-03 ];
data_blk_var1( 4, 1:3 ) = [ 400 2.703948e-02 4.618528e-14];
data_blk_var2( 4, 1:3 ) = [ 400 2.162331e-02 4.263256e-14];
data_blk_var3( 4, 1:3 ) = [ 400 2.819430e-02 3.907985e-14];
data_blk_var4( 4, 1:3 ) = [ 400 2.285380e-02 4.263256e-14];
data_blk_var5( 4, 1:3 ) = [ 400 3.710262e-02 4.973799e-14];
data_blk_var6( 4, 1:3 ) = [ 400 3.710080e-02 4.973799e-14];
data_ref( 5, 1:2 ) = [ 500 9.187871e-03 ];
data_blk_var1( 5, 1:3 ) = [ 500 4.044378e-02 4.618528e-14];
data_blk_var2( 5, 1:3 ) = [ 500 3.202958e-02 4.618528e-14];
data_blk_var3( 5, 1:3 ) = [ 500 4.145565e-02 4.618528e-14];
data_blk_var4( 5, 1:3 ) = [ 500 3.361374e-02 4.263256e-14];
data_blk_var5( 5, 1:3 ) = [ 500 6.938406e-02 5.684342e-14];
data_blk_var6( 5, 1:3 ) = [ 500 6.939759e-02 5.684342e-14];
data_ref( 6, 1:2 ) = [ 600 1.592554e-02 ];
data_blk_var1( 6, 1:3 ) = [ 600 5.913072e-02 4.973799e-14];
data_blk_var2( 6, 1:3 ) = [ 600 4.721744e-02 5.684342e-14];
data_blk_var3( 6, 1:3 ) = [ 600 6.076385e-02 4.529710e-14];
data_blk_var4( 6, 1:3 ) = [ 600 4.952536e-02 4.973799e-14];
data_blk_var5( 6, 1:3 ) = [ 600 1.196236e-01 6.750156e-14];
data_blk_var6( 6, 1:3 ) = [ 600 1.196335e-01 6.750156e-14];
data_ref( 7, 1:2 ) = [ 700 2.511463e-02 ];
data_blk_var1( 7, 1:3 ) = [ 700 8.378050e-02 5.684342e-14];
data_blk_var2( 7, 1:3 ) = [ 700 6.805520e-02 6.394885e-14];
data_blk_var3( 7, 1:3 ) = [ 700 8.633911e-02 3.907985e-14];
data_blk_var4( 7, 1:3 ) = [ 700 7.107374e-02 5.684342e-14];
data_blk_var5( 7, 1:3 ) = [ 700 1.853170e-01 8.526513e-14];
data_blk_var6( 7, 1:3 ) = [ 700 1.853102e-01 8.526513e-14];
data_ref( 8, 1:2 ) = [ 800 3.762154e-02 ];
data_blk_var1( 8, 1:3 ) = [ 800 1.156544e-01 4.973799e-14];
data_blk_var2( 8, 1:3 ) = [ 800 9.538253e-02 5.684342e-14];
data_blk_var3( 8, 1:3 ) = [ 800 1.196833e-01 4.973799e-14];
data_blk_var4( 8, 1:3 ) = [ 800 9.878006e-02 4.973799e-14];
data_blk_var5( 8, 1:3 ) = [ 800 2.782307e-01 9.947598e-14];
data_blk_var6( 8, 1:3 ) = [ 800 2.781992e-01 9.947598e-14];
data_ref( 9, 1:2 ) = [ 900 5.319796e-02 ];
data_blk_var1( 9, 1:3 ) = [ 900 1.531253e-01 7.815970e-14];
data_blk_var2( 9, 1:3 ) = [ 900 1.284860e-01 7.815970e-14];
data_blk_var3( 9, 1:3 ) = [ 900 1.585588e-01 4.618528e-14];
data_blk_var4( 9, 1:3 ) = [ 900 1.325258e-01 4.973799e-14];
data_blk_var5( 9, 1:3 ) = [ 900 3.907986e-01 1.065814e-13];
data_blk_var6( 9, 1:3 ) = [ 900 3.907690e-01 1.065814e-13];
data_ref( 10, 1:2 ) = [ 1000 7.197222e-02 ];
data_blk_var1( 10, 1:3 ) = [ 1000 1.944735e-01 6.394885e-14];
data_blk_var2( 10, 1:3 ) = [ 1000 1.642502e-01 7.105427e-14];
data_blk_var3( 10, 1:3 ) = [ 1000 2.008870e-01 4.973799e-14];
data_blk_var4( 10, 1:3 ) = [ 1000 1.683377e-01 7.105427e-14];
data_blk_var5( 10, 1:3 ) = [ 1000 5.423342e-01 1.492140e-13];
data_blk_var6( 10, 1:3 ) = [ 1000 5.423368e-01 1.492140e-13];
