% number of repeats:% 3
% enter nfirst, nlast, ninc:% 100 1000 100 
data_ref( 1, 1:2 ) = [ 100 2.555150e-04 ];
data_unb_var1( 1, 1:3 ) = [ 100 1.248810e-03 1.065814e-14];
data_ref( 2, 1:2 ) = [ 200 6.269300e-04 ];
data_unb_var1( 2, 1:3 ) = [ 200 5.123619e-03 1.776357e-14];
data_ref( 3, 1:2 ) = [ 300 2.232291e-03 ];
data_unb_var1( 3, 1:3 ) = [ 300 1.292179e-02 3.552714e-14];
data_ref( 4, 1:2 ) = [ 400 4.949450e-03 ];
data_unb_var1( 4, 1:3 ) = [ 400 2.526344e-02 4.618528e-14];
data_ref( 5, 1:2 ) = [ 500 9.401660e-03 ];
data_unb_var1( 5, 1:3 ) = [ 500 3.969847e-02 4.618528e-14];
data_ref( 6, 1:2 ) = [ 600 1.653678e-02 ];
data_unb_var1( 6, 1:3 ) = [ 600 5.934996e-02 4.973799e-14];
data_ref( 7, 1:2 ) = [ 700 2.590707e-02 ];
data_unb_var1( 7, 1:3 ) = [ 700 8.472263e-02 5.684342e-14];
data_ref( 8, 1:2 ) = [ 800 3.872759e-02 ];
data_unb_var1( 8, 1:3 ) = [ 800 1.178689e-01 4.973799e-14];
data_ref( 9, 1:2 ) = [ 900 5.506750e-02 ];
data_unb_var1( 9, 1:3 ) = [ 900 1.568563e-01 7.815970e-14];
data_ref( 10, 1:2 ) = [ 1000 7.459887e-02 ];
data_unb_var1( 10, 1:3 ) = [ 1000 1.982244e-01 6.394885e-14];
