% number of repeats:% 3
% enter nfirst, nlast, ninc:% 100 1000 100 
data_ref( 1, 1:2 ) = [ 100 2.518800e-04 ];
data_unb_var1( 1, 1:3 ) = [ 100 2.065878e-03 7.105427e-15];
data_ref( 2, 1:2 ) = [ 200 6.357230e-04 ];
data_unb_var1( 2, 1:3 ) = [ 200 3.895587e-03 1.598721e-14];
data_ref( 3, 1:2 ) = [ 300 2.172209e-03 ];
data_unb_var1( 3, 1:3 ) = [ 300 9.903815e-03 3.197442e-14];
data_ref( 4, 1:2 ) = [ 400 4.868119e-03 ];
data_unb_var1( 4, 1:3 ) = [ 400 2.160791e-02 4.263256e-14];
data_ref( 5, 1:2 ) = [ 500 9.241187e-03 ];
data_unb_var1( 5, 1:3 ) = [ 500 3.186108e-02 4.618528e-14];
data_ref( 6, 1:2 ) = [ 600 1.600914e-02 ];
data_unb_var1( 6, 1:3 ) = [ 600 4.727547e-02 5.684342e-14];
data_ref( 7, 1:2 ) = [ 700 2.526870e-02 ];
data_unb_var1( 7, 1:3 ) = [ 700 6.826501e-02 6.394885e-14];
data_ref( 8, 1:2 ) = [ 800 3.774708e-02 ];
data_unb_var1( 8, 1:3 ) = [ 800 9.500598e-02 5.684342e-14];
data_ref( 9, 1:2 ) = [ 900 5.355946e-02 ];
data_unb_var1( 9, 1:3 ) = [ 900 1.313498e-01 7.815970e-14];
data_ref( 10, 1:2 ) = [ 1000 8.805809e-02 ];
data_unb_var1( 10, 1:3 ) = [ 1000 1.754378e-01 7.105427e-14];
