% number of repeats:% 3
% enter nfirst, nlast, ninc:% 100 1000 100 
data_ref( 1, 1:2 ) = [ 100 2.522760e-04 ];
data_unb_var1( 1, 1:3 ) = [ 100 3.140294e-03 1.243450e-14];
data_ref( 2, 1:2 ) = [ 200 6.192210e-04 ];
data_unb_var1( 2, 1:3 ) = [ 200 5.392950e-03 1.776357e-14];
data_ref( 3, 1:2 ) = [ 300 2.182414e-03 ];
data_unb_var1( 3, 1:3 ) = [ 300 1.300471e-02 2.842171e-14];
data_ref( 4, 1:2 ) = [ 400 4.731553e-03 ];
data_unb_var1( 4, 1:3 ) = [ 400 2.514929e-02 3.907985e-14];
data_ref( 5, 1:2 ) = [ 500 9.198383e-03 ];
data_unb_var1( 5, 1:3 ) = [ 500 4.027834e-02 4.618528e-14];
data_ref( 6, 1:2 ) = [ 600 1.597287e-02 ];
data_unb_var1( 6, 1:3 ) = [ 600 5.954618e-02 4.529710e-14];
data_ref( 7, 1:2 ) = [ 700 2.521263e-02 ];
data_unb_var1( 7, 1:3 ) = [ 700 8.510982e-02 3.907985e-14];
data_ref( 8, 1:2 ) = [ 800 3.785954e-02 ];
data_unb_var1( 8, 1:3 ) = [ 800 1.181771e-01 4.973799e-14];
data_ref( 9, 1:2 ) = [ 900 5.350413e-02 ];
data_unb_var1( 9, 1:3 ) = [ 900 1.572520e-01 4.618528e-14];
data_ref( 10, 1:2 ) = [ 1000 7.233950e-02 ];
data_unb_var1( 10, 1:3 ) = [ 1000 1.993936e-01 4.973799e-14];
