% number of repeats:% 3
% enter nfirst, nlast, ninc:% 100 1000 100 
data_ref( 1, 1:2 ) = [ 100 1.610390e-04 ];
data_unb_var1( 1, 1:3 ) = [ 100 1.605890e-04 0.000000e+00];
data_ref( 2, 1:2 ) = [ 200 9.655610e-04 ];
data_unb_var1( 2, 1:3 ) = [ 200 6.204510e-04 0.000000e+00];
data_ref( 3, 1:2 ) = [ 300 2.117438e-03 ];
data_unb_var1( 3, 1:3 ) = [ 300 2.177715e-03 0.000000e+00];
data_ref( 4, 1:2 ) = [ 400 4.962104e-03 ];
data_unb_var1( 4, 1:3 ) = [ 400 5.069073e-03 0.000000e+00];
data_ref( 5, 1:2 ) = [ 500 9.434594e-03 ];
data_unb_var1( 5, 1:3 ) = [ 500 9.686031e-03 0.000000e+00];
data_ref( 6, 1:2 ) = [ 600 1.695806e-02 ];
data_unb_var1( 6, 1:3 ) = [ 600 1.673675e-02 0.000000e+00];
data_ref( 7, 1:2 ) = [ 700 2.597834e-02 ];
data_unb_var1( 7, 1:3 ) = [ 700 2.617110e-02 0.000000e+00];
data_ref( 8, 1:2 ) = [ 800 4.001252e-02 ];
data_unb_var1( 8, 1:3 ) = [ 800 3.905203e-02 0.000000e+00];
data_ref( 9, 1:2 ) = [ 900 5.526782e-02 ];
data_unb_var1( 9, 1:3 ) = [ 900 5.541134e-02 0.000000e+00];
data_ref( 10, 1:2 ) = [ 1000 7.535717e-02 ];
data_unb_var1( 10, 1:3 ) = [ 1000 7.487610e-02 0.000000e+00];
