% number of repeats:% 3
% enter nfirst, nlast, ninc:% 100 1000 100 
data_ref( 1, 1:2 ) = [ 100 2.522130e-04 ];
data_unb_var1( 1, 1:3 ) = [ 100 1.224993e-03 1.065814e-14];
data_unb_var2( 1, 1:3 ) = [ 100 8.405840e-04 7.105427e-15];
data_unb_var3( 1, 1:3 ) = [ 100 1.275423e-03 1.243450e-14];
data_unb_var4( 1, 1:3 ) = [ 100 1.025084e-03 7.105427e-15];
data_ref( 2, 1:2 ) = [ 200 6.196140e-04 ];
data_unb_var1( 2, 1:3 ) = [ 200 7.596990e-03 1.776357e-14];
data_unb_var2( 2, 1:3 ) = [ 200 5.414173e-03 1.243450e-14];
data_unb_var3( 2, 1:3 ) = [ 200 7.962850e-03 1.776357e-14];
data_unb_var4( 2, 1:3 ) = [ 200 6.115117e-03 1.243450e-14];
data_ref( 3, 1:2 ) = [ 300 2.104699e-03 ];
data_unb_var1( 3, 1:3 ) = [ 300 2.496323e-02 2.842171e-14];
data_unb_var2( 3, 1:3 ) = [ 300 1.820903e-02 2.842171e-14];
data_unb_var3( 3, 1:3 ) = [ 300 2.545808e-02 2.842171e-14];
data_unb_var4( 3, 1:3 ) = [ 300 1.904032e-02 2.842171e-14];
data_ref( 4, 1:2 ) = [ 400 4.706795e-03 ];
data_unb_var1( 4, 1:3 ) = [ 400 6.731212e-02 3.552714e-14];
data_unb_var2( 4, 1:3 ) = [ 400 4.783741e-02 4.973799e-14];
data_unb_var3( 4, 1:3 ) = [ 400 6.598080e-02 3.552714e-14];
data_unb_var4( 4, 1:3 ) = [ 400 4.687056e-02 4.618528e-14];
data_ref( 5, 1:2 ) = [ 500 9.180064e-03 ];
data_unb_var1( 5, 1:3 ) = [ 500 1.119532e-01 5.684342e-14];
data_unb_var2( 5, 1:3 ) = [ 500 8.225404e-02 6.750156e-14];
data_unb_var3( 5, 1:3 ) = [ 500 1.131307e-01 5.684342e-14];
data_unb_var4( 5, 1:3 ) = [ 500 8.368784e-02 5.684342e-14];
data_ref( 6, 1:2 ) = [ 600 1.592481e-02 ];
data_unb_var1( 6, 1:3 ) = [ 600 1.973579e-01 6.394885e-14];
data_unb_var2( 6, 1:3 ) = [ 600 1.454787e-01 6.750156e-14];
data_unb_var3( 6, 1:3 ) = [ 600 1.939919e-01 7.105427e-14];
data_unb_var4( 6, 1:3 ) = [ 600 1.423084e-01 6.750156e-14];
data_ref( 7, 1:2 ) = [ 700 2.533655e-02 ];
data_unb_var1( 7, 1:3 ) = [ 700 3.082803e-01 7.815970e-14];
data_unb_var2( 7, 1:3 ) = [ 700 2.259383e-01 8.526513e-14];
data_unb_var3( 7, 1:3 ) = [ 700 3.003496e-01 7.815970e-14];
data_unb_var4( 7, 1:3 ) = [ 700 2.276620e-01 8.526513e-14];
data_ref( 8, 1:2 ) = [ 800 3.764488e-02 ];
data_unb_var1( 8, 1:3 ) = [ 800 5.056446e-01 8.526513e-14];
data_unb_var2( 8, 1:3 ) = [ 800 3.574161e-01 9.947598e-14];
data_unb_var3( 8, 1:3 ) = [ 800 4.587459e-01 8.526513e-14];
data_unb_var4( 8, 1:3 ) = [ 800 3.670081e-01 9.947598e-14];
data_ref( 9, 1:2 ) = [ 900 5.337386e-02 ];
data_unb_var1( 9, 1:3 ) = [ 900 7.024262e-01 8.881784e-14];
data_unb_var2( 9, 1:3 ) = [ 900 4.787847e-01 1.065814e-13];
data_unb_var3( 9, 1:3 ) = [ 900 6.314559e-01 8.881784e-14];
data_unb_var4( 9, 1:3 ) = [ 900 5.285781e-01 1.065814e-13];
data_ref( 10, 1:2 ) = [ 1000 7.206203e-02 ];
data_unb_var1( 10, 1:3 ) = [ 1000 1.003137e+00 9.592327e-14];
data_unb_var2( 10, 1:3 ) = [ 1000 7.264077e-01 1.492140e-13];
data_unb_var3( 10, 1:3 ) = [ 1000 9.050944e-01 1.065814e-13];
data_unb_var4( 10, 1:3 ) = [ 1000 7.594280e-01 1.492140e-13];
