% number of repeats:% 3
% enter nfirst, nlast, ninc:% 100 1000 100 
data_ref( 1, 1:2 ) = [ 100 2.517720e-04 ];
data_unb_var1( 1, 1:3 ) = [ 100 2.947670e-03 1.065814e-14];
data_unb_var2(  1, 1:3 ) = [ 100 8.592870e-04 1.065814e-14];
data_ref( 2, 1:2 ) = [ 200 7.014290e-04 ];
data_unb_var1( 2, 1:3 ) = [ 200 7.597862e-03 1.776357e-14];
data_unb_var2(  2, 1:3 ) = [ 200 5.530458e-03 1.776357e-14];
data_ref( 3, 1:2 ) = [ 300 2.109120e-03 ];
data_unb_var1( 3, 1:3 ) = [ 300 2.592227e-02 2.842171e-14];
data_unb_var2(  3, 1:3 ) = [ 300 1.896159e-02 2.842171e-14];
data_ref( 4, 1:2 ) = [ 400 4.932930e-03 ];
data_unb_var1( 4, 1:3 ) = [ 400 7.077722e-02 3.552714e-14];
data_unb_var2(  4, 1:3 ) = [ 400 5.068056e-02 3.552714e-14];
data_ref( 5, 1:2 ) = [ 500 9.256786e-03 ];
data_unb_var1( 5, 1:3 ) = [ 500 1.185970e-01 5.684342e-14];
data_unb_var2(  5, 1:3 ) = [ 500 8.536242e-02 5.684342e-14];
data_ref( 6, 1:2 ) = [ 600 1.625806e-02 ];
data_unb_var1( 6, 1:3 ) = [ 600 2.119959e-01 6.394885e-14];
data_unb_var2(  6, 1:3 ) = [ 600 1.529428e-01 6.394885e-14];
data_ref( 7, 1:2 ) = [ 700 2.568240e-02 ];
data_unb_var1( 7, 1:3 ) = [ 700 3.359316e-01 7.815970e-14];
data_unb_var2(  7, 1:3 ) = [ 700 2.413205e-01 7.815970e-14];
data_ref( 8, 1:2 ) = [ 800 3.898333e-02 ];
data_unb_var1( 8, 1:3 ) = [ 800 5.795224e-01 8.526513e-14];
data_unb_var2(  8, 1:3 ) = [ 800 3.775874e-01 8.526513e-14];
data_ref( 9, 1:2 ) = [ 900 5.502434e-02 ];
data_unb_var1( 9, 1:3 ) = [ 900 7.571494e-01 8.881784e-14];
data_unb_var2(  9, 1:3 ) = [ 900 5.261082e-01 8.881784e-14];
data_ref( 10, 1:2 ) = [ 1000 7.489760e-02 ];
data_unb_var1( 10, 1:3 ) = [ 1000 1.061446e+00 9.592327e-14];
data_unb_var2(  10, 1:3 ) = [ 1000 8.019944e-01 9.592327e-14];
