% number of repeats:% 3
% enter nfirst, nlast, ninc:% 100 1000 100 
data_ref( 1, 1:2 ) = [ 100 2.695120e-04 ];
data_unb_var1( 1, 1:3 ) = [ 100 1.545270e-03 1.065814e-14];
data_ref( 2, 1:2 ) = [ 200 8.964320e-04 ];
data_unb_var1( 2, 1:3 ) = [ 200 6.674736e-03 1.776357e-14];
data_ref( 3, 1:2 ) = [ 300 2.187068e-03 ];
data_unb_var1( 3, 1:3 ) = [ 300 2.169677e-02 2.842171e-14];
data_ref( 4, 1:2 ) = [ 400 4.955223e-03 ];
data_unb_var1( 4, 1:3 ) = [ 400 5.570739e-02 3.552714e-14];
data_ref( 5, 1:2 ) = [ 500 9.651275e-03 ];
data_unb_var1( 5, 1:3 ) = [ 500 9.730049e-02 5.684342e-14];
data_ref( 6, 1:2 ) = [ 600 1.716326e-02 ];
data_unb_var1( 6, 1:3 ) = [ 600 1.717984e-01 6.394885e-14];
data_ref( 7, 1:2 ) = [ 700 2.706712e-02 ];
data_unb_var1( 7, 1:3 ) = [ 700 2.916425e-01 7.815970e-14];
data_ref( 8, 1:2 ) = [ 800 3.982340e-02 ];
data_unb_var1( 8, 1:3 ) = [ 800 5.006777e-01 8.526513e-14];
data_ref( 9, 1:2 ) = [ 900 5.616309e-02 ];
data_unb_var1( 9, 1:3 ) = [ 900 6.483587e-01 8.881784e-14];
data_ref( 10, 1:2 ) = [ 1000 7.609411e-02 ];
data_unb_var1( 10, 1:3 ) = [ 1000 9.047304e-01 9.592327e-14];
