% number of repeats:% 3
% enter nfirst, nlast, ninc:% 100 1000 100 
data_ref( 1, 1:2 ) = [ 100 2.527720e-04 ];
data_unb_var1( 1, 1:3 ) = [ 100 8.288370e-04 7.105427e-15];
data_ref( 2, 1:2 ) = [ 200 6.201910e-04 ];
data_unb_var1( 2, 1:3 ) = [ 200 5.358461e-03 1.243450e-14];
data_ref( 3, 1:2 ) = [ 300 2.111001e-03 ];
data_unb_var1( 3, 1:3 ) = [ 300 1.614930e-02 2.842171e-14];
data_ref( 4, 1:2 ) = [ 400 4.733623e-03 ];
data_unb_var1( 4, 1:3 ) = [ 400 3.726299e-02 4.973799e-14];
data_ref( 5, 1:2 ) = [ 500 9.281343e-03 ];
data_unb_var1( 5, 1:3 ) = [ 500 6.952777e-02 5.684342e-14];
data_ref( 6, 1:2 ) = [ 600 1.597767e-02 ];
data_unb_var1( 6, 1:3 ) = [ 600 1.198004e-01 6.750156e-14];
data_ref( 7, 1:2 ) = [ 700 2.526635e-02 ];
data_unb_var1( 7, 1:3 ) = [ 700 1.858355e-01 8.526513e-14];
data_ref( 8, 1:2 ) = [ 800 3.784676e-02 ];
data_unb_var1( 8, 1:3 ) = [ 800 2.786973e-01 9.947598e-14];
data_ref( 9, 1:2 ) = [ 900 5.351368e-02 ];
data_unb_var1( 9, 1:3 ) = [ 900 3.912864e-01 1.065814e-13];
data_ref( 10, 1:2 ) = [ 1000 7.230913e-02 ];
data_unb_var1( 10, 1:3 ) = [ 1000 5.432976e-01 1.492140e-13];
