% number of repeats:% 3
% enter nfirst, nlast, ninc:% 100 1000 100 
data_ref( 1, 1:2 ) = [ 100 2.519560e-04 ];
data_unb_var1( 1, 1:3 ) = [ 100 1.210777e-03 1.065814e-14];
data_unb_var2( 1, 1:3 ) = [ 100 8.421760e-04 7.105427e-15];
data_unb_var3( 1, 1:3 ) = [ 100 1.285895e-03 1.243450e-14];
data_unb_var4( 1, 1:3 ) = [ 100 1.028059e-03 7.105427e-15];
data_unb_var5( 1, 1:3 ) = [ 100 8.140330e-04 7.105427e-15];
data_unb_var6( 1, 1:3 ) = [ 100 8.238180e-04 7.105427e-15];
data_ref( 2, 1:2 ) = [ 200 6.193730e-04 ];
data_unb_var1( 2, 1:3 ) = [ 200 7.536169e-03 1.776357e-14];
data_unb_var2( 2, 1:3 ) = [ 200 5.375511e-03 1.243450e-14];
data_unb_var3( 2, 1:3 ) = [ 200 7.961569e-03 1.776357e-14];
data_unb_var4( 2, 1:3 ) = [ 200 6.071557e-03 1.243450e-14];
data_unb_var5( 2, 1:3 ) = [ 200 5.367195e-03 1.243450e-14];
data_unb_var6( 2, 1:3 ) = [ 200 5.397424e-03 1.243450e-14];
data_ref( 3, 1:2 ) = [ 300 2.103655e-03 ];
data_unb_var1( 3, 1:3 ) = [ 300 2.509427e-02 2.842171e-14];
data_unb_var2( 3, 1:3 ) = [ 300 1.830433e-02 2.842171e-14];
data_unb_var3( 3, 1:3 ) = [ 300 2.574047e-02 2.842171e-14];
data_unb_var4( 3, 1:3 ) = [ 300 1.911617e-02 2.842171e-14];
data_unb_var5( 3, 1:3 ) = [ 300 1.621480e-02 2.842171e-14];
data_unb_var6( 3, 1:3 ) = [ 300 1.625812e-02 2.842171e-14];
data_ref( 4, 1:2 ) = [ 400 4.724209e-03 ];
data_unb_var1( 4, 1:3 ) = [ 400 7.020007e-02 3.552714e-14];
data_unb_var2( 4, 1:3 ) = [ 400 5.055245e-02 4.973799e-14];
data_unb_var3( 4, 1:3 ) = [ 400 6.945953e-02 3.552714e-14];
data_unb_var4( 4, 1:3 ) = [ 400 4.943552e-02 4.618528e-14];
data_unb_var5( 4, 1:3 ) = [ 400 3.723736e-02 4.973799e-14];
data_unb_var6( 4, 1:3 ) = [ 400 3.731575e-02 4.973799e-14];
data_ref( 5, 1:2 ) = [ 500 9.158054e-03 ];
data_unb_var1( 5, 1:3 ) = [ 500 1.123950e-01 5.684342e-14];
data_unb_var2( 5, 1:3 ) = [ 500 8.132410e-02 6.750156e-14];
data_unb_var3( 5, 1:3 ) = [ 500 1.153738e-01 5.684342e-14];
data_unb_var4( 5, 1:3 ) = [ 500 8.465440e-02 5.684342e-14];
data_unb_var5( 5, 1:3 ) = [ 500 6.956280e-02 5.684342e-14];
data_unb_var6( 5, 1:3 ) = [ 500 6.968762e-02 5.684342e-14];
data_ref( 6, 1:2 ) = [ 600 1.590363e-02 ];
data_unb_var1( 6, 1:3 ) = [ 600 1.980835e-01 6.394885e-14];
data_unb_var2( 6, 1:3 ) = [ 600 1.451122e-01 6.750156e-14];
data_unb_var3( 6, 1:3 ) = [ 600 1.979594e-01 7.105427e-14];
data_unb_var4( 6, 1:3 ) = [ 600 1.448682e-01 6.750156e-14];
data_unb_var5( 6, 1:3 ) = [ 600 1.196580e-01 6.750156e-14];
data_unb_var6( 6, 1:3 ) = [ 600 1.197936e-01 6.750156e-14];
data_ref( 7, 1:2 ) = [ 700 2.515476e-02 ];
data_unb_var1( 7, 1:3 ) = [ 700 3.095530e-01 7.815970e-14];
data_unb_var2( 7, 1:3 ) = [ 700 2.257045e-01 8.526513e-14];
data_unb_var3( 7, 1:3 ) = [ 700 3.068598e-01 7.815970e-14];
data_unb_var4( 7, 1:3 ) = [ 700 2.314279e-01 8.526513e-14];
data_unb_var5( 7, 1:3 ) = [ 700 1.856402e-01 8.526513e-14];
data_unb_var6( 7, 1:3 ) = [ 700 1.857482e-01 8.526513e-14];
data_ref( 8, 1:2 ) = [ 800 3.766196e-02 ];
data_unb_var1( 8, 1:3 ) = [ 800 5.147407e-01 8.526513e-14];
data_unb_var2( 8, 1:3 ) = [ 800 3.573574e-01 9.947598e-14];
data_unb_var3( 8, 1:3 ) = [ 800 4.743954e-01 8.526513e-14];
data_unb_var4( 8, 1:3 ) = [ 800 3.838675e-01 9.947598e-14];
data_unb_var5( 8, 1:3 ) = [ 800 2.782895e-01 9.947598e-14];
data_unb_var6( 8, 1:3 ) = [ 800 2.785007e-01 9.947598e-14];
data_ref( 9, 1:2 ) = [ 900 5.326912e-02 ];
data_unb_var1( 9, 1:3 ) = [ 900 7.028768e-01 8.881784e-14];
data_unb_var2( 9, 1:3 ) = [ 900 4.759846e-01 1.065814e-13];
data_unb_var3( 9, 1:3 ) = [ 900 6.390324e-01 8.881784e-14];
data_unb_var4( 9, 1:3 ) = [ 900 5.390069e-01 1.065814e-13];
data_unb_var5( 9, 1:3 ) = [ 900 3.913654e-01 1.065814e-13];
data_unb_var6( 9, 1:3 ) = [ 900 3.916499e-01 1.065814e-13];
data_ref( 10, 1:2 ) = [ 1000 7.202717e-02 ];
data_unb_var1( 10, 1:3 ) = [ 1000 9.876896e-01 9.592327e-14];
data_unb_var2( 10, 1:3 ) = [ 1000 7.203418e-01 1.492140e-13];
data_unb_var3( 10, 1:3 ) = [ 1000 9.111553e-01 1.065814e-13];
data_unb_var4( 10, 1:3 ) = [ 1000 7.651802e-01 1.492140e-13];
data_unb_var5( 10, 1:3 ) = [ 1000 5.422408e-01 1.492140e-13];
data_unb_var6( 10, 1:3 ) = [ 1000 5.424475e-01 1.492140e-13];
