% number of repeats:% 3
% enter nfirst, nlast, ninc:% 100 1000 100 
data_ref( 1, 1:2 ) = [ 100 1.366190e-04 ];
data_unb_var1( 1, 1:3 ) = [ 100 1.364160e-04 0.000000e+00];
data_ref( 2, 1:2 ) = [ 200 8.372540e-04 ];
data_unb_var1( 2, 1:3 ) = [ 200 8.373670e-04 0.000000e+00];
data_ref( 3, 1:2 ) = [ 300 2.829801e-03 ];
data_unb_var1( 3, 1:3 ) = [ 300 2.829336e-03 0.000000e+00];
data_ref( 4, 1:2 ) = [ 400 6.358756e-03 ];
data_unb_var1( 4, 1:3 ) = [ 400 6.356328e-03 0.000000e+00];
data_ref( 5, 1:2 ) = [ 500 1.231775e-02 ];
data_unb_var1( 5, 1:3 ) = [ 500 1.229996e-02 0.000000e+00];
data_ref( 6, 1:2 ) = [ 600 2.113802e-02 ];
data_unb_var1( 6, 1:3 ) = [ 600 2.113070e-02 0.000000e+00];
data_ref( 7, 1:2 ) = [ 700 3.330557e-02 ];
data_unb_var1( 7, 1:3 ) = [ 700 3.328854e-02 0.000000e+00];
data_ref( 8, 1:2 ) = [ 800 4.966301e-02 ];
data_unb_var1( 8, 1:3 ) = [ 800 4.964223e-02 0.000000e+00];
data_ref( 9, 1:2 ) = [ 900 7.050120e-02 ];
data_unb_var1( 9, 1:3 ) = [ 900 7.044516e-02 0.000000e+00];
data_ref( 10, 1:2 ) = [ 1000 9.614736e-02 ];
data_unb_var1( 10, 1:3 ) = [ 1000 9.604927e-02 0.000000e+00];
